2.506265664160000142e-03 9.872190645844579615e-01
5.012531328321000353e-03 1.180071391087180066e+00
7.518796992480999627e-03 6.868463120002620270e-01
1.002506265664200071e-02 1.051178435268949940e+00
1.253132832080200085e-02 1.085230878200379889e+00
1.503759398496199925e-02 9.575210197455700234e-01
1.754385964912300033e-02 7.980887235482070352e-01
2.005012531328299874e-02 1.090514227079820042e+00
2.255639097744399982e-02 6.439696551498169663e-01
2.506265664160400169e-02 4.158423231773459849e-01
2.756892230576499930e-02 5.552169756444409465e-01
3.007518796992500118e-02 5.811793859018850039e-01
3.258145363408500306e-02 3.661900707181729997e-01
3.508771929824600067e-02 2.450182663961920082e-01
3.759398496240599907e-02 1.109420719502050012e-01
4.010025062656699668e-02 2.928305335098940199e-01
4.260651629072700203e-02 1.651876463716339949e-01
4.511278195488700044e-02 -3.219691332597849898e-01
4.761904761904799804e-02 7.719629003984899984e-02
5.012531328320800339e-02 -1.242160689750920088e+00
5.263157894736900100e-02 -7.581034521208800114e-02
5.513784461152899941e-02 -2.948950544260899864e-01
5.764411027568899781e-02 -5.664355304757070497e-01
6.015037593985000236e-02 -6.414092499160090055e-01
6.265664160400999383e-02 -9.863292969126500331e-01
6.516290726817100531e-02 -3.572498877178399979e-01
6.766917293233100372e-02 -9.404473926139800266e-01
7.017543859649100213e-02 -3.084497700059660175e-01
7.268170426065199974e-02 -1.137639961211430073e+00
7.518796992481199815e-02 -1.596096067344320080e+00
7.769423558897299575e-02 -1.400746307153879933e+00
8.020050125313299416e-02 -1.064833747152299948e+00
8.270676691729300645e-02 -1.287385046486269946e+00
8.521303258145400406e-02 -1.469487358907390018e+00
8.771929824561400246e-02 -1.068003600034890033e+00
9.022556390977500007e-02 -1.395460520570700025e+00
9.273182957393499848e-02 -1.157600949896409936e+00
9.523809523809499689e-02 -1.229844191980709933e+00
9.774436090225599449e-02 -7.614830871722649830e-01
1.002506265664160068e-01 -8.721456791350360449e-01
1.027568922305760052e-01 -8.378446329033359952e-01
1.052631578947370028e-01 2.141210131480799847e-02
1.077694235588970012e-01 -2.244855120930329961e-01
1.102756892230579988e-01 -5.298619540903050096e-01
1.127819548872179972e-01 -1.740824000497749879e-01
1.152882205513779956e-01 -3.130233227138349839e-01
1.177944862155389932e-01 -3.187472801729580030e-01
1.203007518796990055e-01 3.469519333372430014e-01
1.228070175438600031e-01 -6.094979057505289788e-01
1.253132832080199877e-01 5.581196827791480297e-01
1.278195488721809991e-01 1.232153442616090028e-01
1.303258145363410114e-01 3.753598818444159879e-01
1.328320802005009960e-01 3.578357600887629997e-01
1.353383458646620074e-01 1.787123255693449930e-01
1.378446115288219920e-01 7.950426119726500263e-01
1.403508771929820043e-01 5.174655720708339901e-01
1.428571428571429880e-01 1.084943458404580063e+00
1.453634085213030003e-01 1.162053340355170050e+00
1.478696741854640118e-01 4.215230854239019886e-01
1.503759398496239963e-01 1.028916891972770031e+00
1.528822055137840086e-01 5.918551980263689893e-01
1.553884711779449923e-01 1.053266274662580049e+00
1.578947368421050046e-01 1.060141917561689962e+00
1.604010025062659883e-01 1.272564787555930055e+00
1.629072681704260006e-01 1.248388987962770091e+00
1.654135338345860129e-01 1.195726692134190028e+00
1.679197994987469966e-01 1.482729973427109993e+00
1.704260651629070089e-01 1.001381795912350103e+00
1.729323308270679926e-01 5.860519903120929852e-01
1.754385964912280049e-01 8.560655651319240000e-01
1.779448621553879895e-01 1.198392208100760081e+00
1.804511278195490009e-01 1.341329419689559987e+00
1.829573934837090132e-01 6.920650015811029565e-01
1.854636591478699970e-01 6.517549472155670376e-01
1.879699248120300092e-01 5.206293423502730278e-01
1.904761904761909930e-01 2.683849790410189895e-01
1.929824561403510053e-01 5.657036995024179449e-01
1.954887218045109898e-01 6.327034491662599791e-01
1.979949874686720013e-01 6.106232975569699795e-01
2.005012531328320136e-01 3.069483936409320157e-01
2.030075187969919981e-01 -2.373378851521900160e-02
2.055137844611530096e-01 1.628901523952490105e-01
2.080200501253129941e-01 1.883864558490510044e-01
2.105263157894740056e-01 -5.043823862427430083e-01
2.130325814536339901e-01 -6.444160594727159630e-01
2.155388471177940024e-01 -5.793998993989809554e-01
2.180451127819549861e-01 2.210814645544250112e-01
2.205513784461149984e-01 -1.984885012213289945e-01
2.230576441102760099e-01 -8.414888404535220134e-01
2.255639097744359944e-01 -2.929575577639270123e-01
2.280701754385960067e-01 -3.420185957520550102e-01
2.305764411027569905e-01 -3.820359367872809830e-01
2.330827067669170027e-01 -8.410083040371959529e-01
2.355889724310779865e-01 -7.888682102047980260e-01
2.380952380952379988e-01 -5.950870155936850425e-01
2.406015037593980110e-01 -1.419485246082339946e+00
2.431077694235589948e-01 -1.196637813454239918e+00
2.456140350877190071e-01 -1.186136838869239929e+00
2.481203007518799908e-01 -1.084331269203339998e+00
2.506265664160399753e-01 -1.193588213916149998e+00
2.531328320802009868e-01 -6.733837982255950205e-01
2.556390977443609991e-01 -6.017888025456059609e-01
2.581453634085210114e-01 -3.618898305011890026e-01
2.606516290726820229e-01 -1.083441975422049897e+00
2.631578947368419796e-01 -1.110537487226529896e+00
2.656641604010029911e-01 -8.648128656116359503e-01
2.681704260651630034e-01 -9.666117058958160202e-01
2.706766917293230157e-01 -5.673049265517799977e-01
2.731829573934840272e-01 -3.505489961917019892e-01
2.756892230576439839e-01 -8.353731397270890424e-01
2.781954887218049954e-01 -1.806381113609140110e-01
2.807017543859650077e-01 -6.654354068974990266e-01
2.832080200501250200e-01 -7.625089383257710463e-01
2.857142857142859760e-01 -6.256616586849550465e-01
2.882205513784459883e-01 -1.842577496381639923e-01
2.907268170426069998e-01 1.080671098118359957e-01
2.932330827067670120e-01 3.044666260817859849e-01
2.957393483709270243e-01 6.733220498903200180e-02
2.982456140350879803e-01 4.722337235921669762e-01
3.007518796992479926e-01 7.785556502658079747e-01
3.032581453634090041e-01 7.924914591991469859e-01
3.057644110275690164e-01 7.065679612174330382e-01
3.082706766917289731e-01 3.090806792974259976e-01
3.107769423558899846e-01 2.216832988669039939e-01
3.132832080200499969e-01 6.852811697479229691e-01
3.157894736842110084e-01 8.360071378683650023e-01
3.182957393483710207e-01 8.174308119602260447e-01
3.208020050125309774e-01 8.453788652043570107e-01
3.233082706766919889e-01 1.041883313796339916e+00
3.258145363408520012e-01 9.429763815977409980e-01
3.283208020050130127e-01 8.040870295180280181e-01
3.308270676691730250e-01 1.038232895543170109e+00
3.333333333333329818e-01 1.145874749364500067e+00
3.358395989974939932e-01 7.410118371831899697e-01
3.383458646616540055e-01 9.564172103500879762e-01
3.408521303258150170e-01 1.140086176982270105e+00
3.433583959899749738e-01 1.596343243538250078e+00
3.458646616541349861e-01 4.312279319649020004e-01
3.483709273182959976e-01 1.116589095841719947e+00
3.508771929824560099e-01 7.260856017689659714e-01
3.533834586466170213e-01 1.074906602345740092e+00
3.558897243107769781e-01 6.984813100909359473e-01
3.583959899749369904e-01 4.596544374257909849e-01
3.609022556390980019e-01 4.352618341204820274e-01
3.634085213032580142e-01 6.757612552012469687e-01
3.659147869674190257e-01 -1.549144672067959971e-01
3.684210526315789824e-01 -3.908008203025369887e-01
3.709273182957389947e-01 2.340538546449300039e-01
3.734335839599000062e-01 -1.245322701696069956e-01
3.759398496240600185e-01 -3.867748865341700260e-01
3.784461152882209745e-01 -3.854183700545970037e-01
3.809523809523809867e-01 -3.677781795324809866e-01
3.834586466165409990e-01 -2.183496014424939902e-01
3.859649122807020105e-01 -4.209153216840380018e-01
3.884711779448620228e-01 -6.275493847412799697e-02
3.909774436090229788e-01 -4.361569860066150106e-01
3.934837092731829911e-01 -7.027188203660800214e-01
3.959899749373430033e-01 -6.992437918568740196e-01
3.984962406015040148e-01 -3.184379052496609797e-01
4.010025062656640271e-01 -8.666904681693750057e-01
4.035087719298249831e-01 -8.430356293407780255e-01
4.060150375939849954e-01 -9.624985737940580099e-01
4.085213032581450077e-01 -1.343345608255440027e+00
4.110275689223060192e-01 -1.251932929793410088e+00
4.135338345864659759e-01 -7.174560117249919600e-01
4.160401002506269874e-01 -1.247177977570979923e+00
4.185463659147869997e-01 -1.410935878814929989e+00
4.210526315789470120e-01 -7.335319466295669999e-01
4.235588972431080235e-01 -1.299004712324189903e+00
4.260651629072679802e-01 -6.497332463419579485e-01
4.285714285714289917e-01 -6.302801290390840361e-01
4.310776942355890040e-01 -3.271944211416439874e-01
4.335839598997490163e-01 -6.467163391885489832e-01
4.360902255639099723e-01 -3.137949509576670182e-01
4.385964912280699846e-01 -2.351808370923429981e-01
4.411027568922309960e-01 -6.107873948321870250e-01
4.436090225563910083e-01 -4.348203822415179776e-01
4.461152882205510206e-01 -5.972890053749829731e-01
4.486215538847119766e-01 -4.690865683849619883e-01
4.511278195488719889e-01 -6.124628689967650530e-01
4.536340852130330004e-01 -2.824366487489979871e-01
4.561403508771930126e-01 2.104522576181389881e-01
4.586466165413530249e-01 -3.118124293942000150e-02
4.611528822055139809e-01 -1.464021888502410051e-01
4.636591478696739932e-01 4.148968809517650236e-01
4.661654135338350047e-01 3.647944198139180250e-01
4.686716791979950170e-01 8.693781210612160359e-01
4.711779448621549737e-01 1.651209098773580020e-01
4.736842105263159852e-01 6.592514761318980510e-01
4.761904761904759975e-01 4.445005737782530275e-01
4.786967418546370090e-01 8.654980348673110280e-01
4.812030075187970213e-01 7.128091481191519696e-01
4.837092731829579773e-01 9.939118390287929872e-01
4.862155388471179895e-01 6.088080744667889732e-01
4.887218045112780018e-01 3.838955242843610227e-01
4.912280701754390133e-01 1.130125151006369899e+00
4.937343358395990256e-01 1.149635772197020067e+00
4.962406015037599816e-01 8.587949080453369799e-01
4.987468671679199939e-01 1.800027353539749964e+00
5.012531328320799506e-01 1.117924836672079980e+00
5.037593984962409621e-01 9.825416079899450539e-01
5.062656641604009744e-01 5.315877704553649830e-01
5.087719298245609867e-01 6.755986338707989924e-01
5.112781954887219982e-01 1.378616267091989922e+00
5.137844611528820105e-01 1.212510584151949899e+00
5.162907268170430219e-01 5.289403011179309999e-01
5.187969924812030342e-01 3.341155170332700264e-01
5.213032581453630465e-01 5.499475425873200374e-01
5.238095238095239470e-01 2.696758352055910191e-01
5.263157894736839593e-01 4.626957601028129918e-01
5.288220551378449708e-01 7.812985300961310386e-01
5.313283208020049830e-01 2.708676395778599755e-01
5.338345864661659945e-01 -7.870213096961800603e-02
5.363408521303260068e-01 1.435610473253199904e-01
5.388471177944860191e-01 -4.470645567298100337e-02
5.413533834586470306e-01 5.672382675761600268e-02
5.438596491228070429e-01 3.290199847276599754e-01
5.463659147869670552e-01 -6.044525667838099997e-02
5.488721804511279556e-01 -3.712085491800110049e-01
5.513784461152879679e-01 -9.732257662703870382e-01
5.538847117794489794e-01 -4.333505971084319897e-01
5.563909774436089917e-01 -8.901804576498789645e-01
5.588972431077690040e-01 -7.015484202094880439e-01
5.614035087719300154e-01 -7.517598600260549935e-01
5.639097744360900277e-01 -5.482485724554170270e-01
5.664160401002510392e-01 -7.135117834966629990e-01
5.689223057644110515e-01 -9.014058685417309924e-01
5.714285714285709528e-01 -1.145699547983159983e+00
5.739348370927319642e-01 -1.049339030955809937e+00
5.764411027568919765e-01 -1.320297225343439962e+00
5.789473684210529880e-01 -9.884362282727030546e-01
5.814536340852130003e-01 -1.126816826232049928e+00
5.839598997493740118e-01 -1.032027562073219995e+00
5.864661654135340241e-01 -9.854178124843629982e-01
5.889724310776940364e-01 -1.193250464999040084e+00
5.914786967418550478e-01 -9.013840355438219598e-01
5.939849624060149491e-01 -1.439664692047939898e+00
5.964912280701759606e-01 -8.894362017545770493e-01
5.989974937343359729e-01 -4.565607523716360139e-01
6.015037593984959852e-01 -7.016858490880280019e-01
6.040100250626569967e-01 -5.681516089198980213e-01
6.065162907268170089e-01 -7.911075094001009944e-01
6.090225563909770212e-01 -4.569239963459469922e-01
6.115288220551380327e-01 -7.394793150660969872e-01
6.140350877192980450e-01 -2.517901382500100094e-01
6.165413533834589455e-01 -1.248399524188940068e-01
6.190476190476189577e-01 -3.335006254975930173e-01
6.215538847117789700e-01 4.223429101224800142e-02
6.240601503759399815e-01 -3.481338886355900275e-02
6.265664160400999938e-01 1.813708499300910049e-01
6.290726817042610053e-01 6.559893280369999587e-03
6.315789473684210176e-01 -3.323790549906000154e-03
6.340852130325820291e-01 4.315259970850159887e-01
6.365914786967420413e-01 1.982367019827959986e-01
6.390977443609020536e-01 2.635247101427170002e-01
6.416040100250629541e-01 6.448866296530060271e-01
6.441102756892229664e-01 5.920850668591269850e-01
6.466165413533839779e-01 3.353270831957479992e-01
6.491228070175439901e-01 4.825899747938369733e-01
6.516290726817040024e-01 9.095067685627019616e-01
6.541353383458650139e-01 1.038017418139230097e+00
6.566416040100250262e-01 1.320091224358000082e+00
6.591478696741860377e-01 3.125339285776629894e-01
6.616541353383460500e-01 7.320613733558120062e-01
6.641604010025059512e-01 1.146748858710900043e+00
6.666666666666669627e-01 1.045066959904239923e+00
6.691729323308269750e-01 9.725802625669129897e-01
6.716791979949879865e-01 6.492588025371259786e-01
6.741854636591479988e-01 6.770965644489499446e-01
6.766917293233080111e-01 1.499465526378070068e+00
6.791979949874690226e-01 1.496656496825490013e-01
6.817042606516290348e-01 6.879313403724890419e-01
6.842105263157900463e-01 3.584249109570050162e-01
6.867167919799499476e-01 1.192825080886539935e+00
6.892230576441099599e-01 7.559030938547699474e-01
6.917293233082709714e-01 2.886293357526740211e-01
6.942355889724309836e-01 8.407768609679939775e-01
6.967418546365919951e-01 5.815241268901799598e-01
6.992481203007520074e-01 7.311308249068340093e-01
7.017543859649120197e-01 1.236154075250229939e-01
7.042606516290730312e-01 -1.675717472951019915e-01
7.067669172932330435e-01 4.078929318581510088e-01
7.092731829573929447e-01 -6.717024501111970025e-01
7.117794486215539562e-01 -4.684602830017200320e-02
7.142857142857139685e-01 -2.188065966898160020e-01
7.167919799498749800e-01 -5.283124896003129622e-01
7.192982456140349923e-01 -7.335876778237919726e-01
7.218045112781960038e-01 -3.459118300769050136e-01
7.243107769423560161e-01 1.096665190810049983e-01
7.268170426065160283e-01 -1.282704228109819988e-01
7.293233082706770398e-01 -1.261075778923529955e-01
7.318295739348370521e-01 -8.982115455057030351e-01
7.343358395989979526e-01 -9.806182451120869503e-01
7.368421052631579649e-01 -5.521101915618370493e-01
7.393483709273179771e-01 -1.054082149938279978e+00
7.418546365914789886e-01 -5.932340183361199948e-01
7.443609022556390009e-01 -8.022400196189499733e-01
7.468671679198000124e-01 -1.014361774129429961e+00
7.493734335839600247e-01 -6.675196953819100276e-01
7.518796992481210362e-01 -5.731054059807729750e-01
7.543859649122810485e-01 -9.360596792591280302e-01
7.568922305764409497e-01 -1.074675401897100091e+00
7.593984962406019612e-01 -9.942618498614660405e-01
7.619047619047619735e-01 -7.686704649310329707e-01
7.644110275689219858e-01 -1.097451576537010087e+00
7.669172932330829973e-01 -8.186367187062270068e-01
7.694235588972430095e-01 -7.127261721961970498e-01
7.719298245614040210e-01 -1.013564492470450107e+00
7.744360902255640333e-01 -1.035028103823000034e+00
7.769423558897240456e-01 -4.970437874822610236e-01
7.794486215538849461e-01 1.070379142591530025e-01
7.819548872180449584e-01 -3.908096089132400142e-01
7.844611528822059698e-01 1.073249653196349934e-01
7.869674185463659821e-01 -1.061085496512470083e+00
7.894736842105259944e-01 3.368037466222840171e-01
7.919799498746870059e-01 5.394119786318999667e-03
7.944862155388470182e-01 9.061221226819099472e-02
7.969924812030080297e-01 -2.834873875066439841e-01
7.994987468671680420e-01 5.859578760783470397e-01
8.020050125313280542e-01 9.116172262368079648e-01
8.045112781954889547e-01 5.430032835258510326e-01
8.070175438596489670e-01 7.652157805816910408e-01
8.095238095238099785e-01 4.335413805465759829e-01
8.120300751879699908e-01 1.122088149073930063e+00
8.145363408521300030e-01 7.973458571840630338e-01
8.170426065162910145e-01 6.905286620282240495e-01
8.195488721804510268e-01 1.143223704333000024e+00
8.220551378446120383e-01 1.185399030886880034e+00
8.245614035087720506e-01 1.567210414971240029e+00
8.270676691729319518e-01 9.090993738894660448e-01
8.295739348370929633e-01 8.738969961274070108e-01
8.320802005012529756e-01 9.661344215916469746e-01
8.345864661654139871e-01 6.468004319383700018e-01
8.370927318295739994e-01 6.380649991282489886e-01
8.395989974937340117e-01 1.433495784205699897e+00
8.421052631578950232e-01 5.464668573572709631e-01
8.446115288220550354e-01 8.268563925380320034e-01
8.471177944862160469e-01 8.299754595230169896e-01
8.496240601503759482e-01 1.063531531397239993e+00
8.521303258145359605e-01 3.895773102936869736e-01
8.546365914786969720e-01 9.345763058216599584e-01
8.571428571428569843e-01 3.555185411836920273e-01
8.596491228070169965e-01 9.211618419808420555e-01
8.621553884711780080e-01 5.816190781576090485e-01
8.646616541353380203e-01 5.031247877223340437e-01
8.671679197994990318e-01 -1.735866313016790063e-01
8.696741854636590441e-01 1.013582088477950061e-01
8.721804511278199445e-01 -4.469470960819080241e-01
8.746867167919799568e-01 -2.772401282789129784e-01
8.771929824561399691e-01 2.214962712303200076e-01
8.796992481203009806e-01 -6.167510856864549806e-01
8.822055137844609929e-01 -2.842987199430950240e-01
8.847117794486220044e-01 -1.046111610750569909e+00
8.872180451127820167e-01 -7.335942253548389802e-01
8.897243107769420289e-01 -1.040715880570050045e+00
8.922305764411030404e-01 -8.507523987941789656e-01
8.947368421052630527e-01 -7.822751469502550181e-01
8.972431077694239532e-01 -9.474947972208850322e-01
8.997493734335839655e-01 -6.535967529635049456e-01
9.022556390977439778e-01 -8.345047274016750283e-01
9.047619047619049892e-01 -8.890817874748659921e-01
9.072681704260650015e-01 -4.391596523458389800e-01
9.097744360902250138e-01 -8.385943029286420103e-01
9.122807017543860253e-01 -9.156724364184110065e-01
9.147869674185460376e-01 -9.597033999805959503e-01
9.172932330827070491e-01 -1.081543646656379920e+00
9.197994987468669503e-01 -1.260167538942980059e+00
9.223057644110279618e-01 -1.350693283353449958e+00
9.248120300751879741e-01 -9.721525352480879789e-01
9.273182957393479864e-01 -1.082900072921799906e+00
9.298245614035089979e-01 -8.931317016840220058e-01
9.323308270676690102e-01 -7.375169503776980440e-01
9.348370927318300216e-01 -3.968899087260520098e-01
9.373433583959900339e-01 -2.529322466823599735e-01
9.398496240601500462e-01 -7.695621734917640344e-01
9.423558897243109467e-01 -3.991207467471660220e-01
9.448621553884709590e-01 -5.216205390588849466e-01
9.473684210526319704e-01 -2.413036561911479916e-01
9.498746867167919827e-01 -3.614962048216319723e-01
9.523809523809529942e-01 -3.582517020456030266e-01
9.548872180451130065e-01 -1.651976765261549962e-01
9.573934837092730188e-01 3.096862577226430213e-01
9.598997493734340303e-01 -2.427032252196419937e-01
9.624060150375940426e-01 2.243551194013480021e-01
9.649122807017540548e-01 1.260178036437069882e-01
9.674185463659149553e-01 -2.868064166560180261e-01
9.699248120300749676e-01 3.511159746285700267e-01
9.724310776942359791e-01 8.263472734340450154e-01
9.749373433583959914e-01 2.317937953588450062e-01
9.774436090225560037e-01 3.584503601693809771e-01
9.799498746867170151e-01 6.648238585121889477e-01
9.824561403508770274e-01 1.003448491954940014e+00
9.849624060150380389e-01 5.578012692968999930e-01
9.874686716791980512e-01 1.034182333979370094e+00
9.899749373433589517e-01 1.406835597290899909e+00
9.924812030075189639e-01 8.611081069492220186e-01
9.949874686716789762e-01 7.602321320992500020e-01
9.974937343358399877e-01 6.614000052209889624e-01
1.000000000000000000e+00 1.112948913428539965e+00
1.100000000000000089e+00 1.063143298502480016e+00
1.199999999999999956e+00 1.254472036256250034e+00
1.300000000000000044e+00 1.173576205455620025e+00
1.399999999999999911e+00 1.459634643825000078e+00
1.500000000000000000e+00 1.624797874600010017e+00
1.600000000000000089e+00 1.696441018877280049e+00
1.699999999999999956e+00 1.588443921573869932e+00
1.800000000000000044e+00 1.805810071508229919e+00
1.899999999999999911e+00 1.611298639781219899e+00
2.000000000000000000e+00 1.742154595585309940e+00
