9.767141898124448440e-01
9.921223583713346672e-01
8.125702561998113804e-01
4.850961982252268712e-01
6.003168259019793507e-02
-3.413485732331292821e-01
-6.000227858086096822e-01
-9.175114796599985745e-01
-1.313595953491601964e+00
-1.235110245475910862e+00
-7.334763236773936823e-01
-3.366848689264033689e-01
-1.675792022329776823e-02
3.133192285468353044e-01
6.538059979056192184e-01
9.450870049547552831e-01
1.114581572609441240e+00
1.099321954336554219e+00
9.095401431856968699e-01
5.891387838024082502e-01
1.860535044573217445e-01
-1.805762994212443684e-01
-3.767525330359171032e-01
-6.120271636045269137e-01
-9.565115697424728669e-01
-1.049680093304752759e+00
-9.046350281922138636e-01
-6.575643341221738547e-01
-3.477562661972952718e-01
-5.512755276885969273e-03
3.387941687252161160e-01
6.545667552584919502e-01
9.111619090495923778e-01
1.069481813004149906e+00
1.033808913000493268e+00
7.518901393494221708e-01
3.730746411691477915e-01
1.812893094967460428e-03
-3.247649887934245250e-01
-5.765618731132510222e-01
-8.021735085087879913e-01
-1.052153029859798528e+00
-1.013884568182449541e+00
-6.257863541364736548e-01
-3.680341037040820718e-01
-2.299632110072904190e-01
7.471990504552006307e-02
4.754949915400833449e-01
8.366524171204063887e-01
1.035312925256726135e+00
1.025542146389673892e+00
8.378954667386805388e-01
5.613053034915279627e-01
2.359678963619446790e-01
-1.171730135174781640e-01
-4.755576625975881933e-01
-7.953112597111372528e-01
-1.017661831177836040e+00
-1.084603874195068540e+00
-9.811194511547243202e-01
-7.488120720544693132e-01
-4.331487518132065562e-01
-7.959650534982770642e-02
2.663776524167605908e-01
5.593317070090143561e-01
7.631892983879129400e-01
8.652457372710443684e-01
8.563817720270490153e-01
7.587415437924566186e-01
6.032811919462028882e-01
1.216747074180297428e-01
-2.294124795340682088e-01
-3.894516100882472465e-01
-5.875992226375496008e-01
-7.961614045170792853e-01
-9.253205448024174329e-01
-9.072541973148633421e-01
-6.809341024331506675e-01
-3.424449743689418346e-01
1.292847489550040530e-01
6.285638102548697370e-01
8.942197513337986070e-01
9.759776255197484263e-01
9.661355537076353750e-01
9.168724121607765287e-01
6.993715564745761615e-01
2.598777472594431814e-01
-1.973404360674821389e-01
-5.696137433725162458e-01
-8.314487223919184711e-01
-9.614100907642948446e-01
-9.683531491660127832e-01
-8.778640830596872169e-01
-7.150598924359536923e-01
-4.889211680917033842e-01
-1.915363541780865375e-01
1.852933407926038722e-01
5.820022280398785552e-01
8.120205901435348927e-01
8.624092136749059723e-01
8.811908684723854801e-01
8.997744497690174370e-01
9.181595995820697187e-01
9.363459598672342343e-01
9.543331725802024490e-01
9.721208796766653837e-01
9.897087231123151696e-01
1.007096344842843383e+00
1.024283386823940933e+00
1.041269491011300063e+00
1.058054299360611461e+00
1.074637453827566924e+00
1.091018596367858251e+00
1.107197368937177018e+00
1.123173413491214356e+00
1.138946371985662065e+00
1.154515886376211053e+00
1.169881598618553564e+00
1.185043150668381173e+00
1.200000184481384791e+00
1.214752342013256214e+00
1.229299265219686133e+00
1.243640596056367675e+00
1.257775976478991753e+00
1.271705048443249275e+00
1.285427453904832484e+00
1.298942834819431846e+00
1.312250833142740269e+00
1.325351090830447998e+00
1.338243249838247717e+00
1.350926952121830116e+00
1.363401839636886326e+00
1.375667554339109255e+00
1.387723738184189370e+00
1.399570033127818469e+00
1.411206081125687462e+00
1.422631524133488812e+00
1.433846004106913874e+00
1.444849163001653780e+00
1.455640642773400328e+00
1.466220085377844651e+00
1.476587132770678323e+00
1.486741426907593144e+00
1.496682609744280690e+00
1.506410323236431870e+00
1.515924209339739370e+00
1.525223910009892769e+00
1.534309067202585863e+00
1.543179322873508452e+00
1.551834318978352778e+00
1.560273697472810195e+00
1.568497100312572501e+00
1.576504169453330828e+00
1.584294546850776531e+00
1.591867874460601406e+00
1.599223794238497254e+00
1.606361948140154761e+00
1.613281978121266169e+00
1.619983526137523056e+00
1.626466234144616330e+00
1.632729744098238012e+00
1.638773697954079456e+00
1.644597737667832016e+00
1.650201505195187490e+00
1.655584642491837011e+00
1.660746791513472376e+00
1.665687594215785161e+00
1.670406692554466943e+00
1.674903728485208187e+00
1.679178343963702247e+00
1.683230180945638921e+00
1.687058881386710896e+00
1.690664087242609082e+00
1.694045440469025054e+00
1.697202583021650391e+00
1.700135156856176444e+00
1.702842803928295234e+00
1.705325166193697672e+00
1.707581885608075556e+00
1.709612604127120683e+00
1.711416963706523742e+00
1.712994606301976752e+00
1.714345173869171735e+00
1.715468308363799377e+00
1.716363651741551477e+00
1.717030845958119611e+00
1.717469532969195356e+00
1.717679354730470287e+00
1.717659953197635314e+00
1.717410970326382458e+00
1.716932048072403072e+00
1.716222828391389177e+00
1.715282953239031460e+00
1.714112064571021943e+00
1.712709804343051756e+00
1.711075814510813142e+00
1.709209737029997012e+00
1.707111213856294496e+00
1.704779886945398282e+00
1.702215398252999501e+00
